cam0:
  cam_overlaps: [1, 2]
  camera_model: ds
  distortion_coeffs: []
  distortion_model: none
  intrinsics: [-0.20274825549616335, 0.5889228704945912, 231.7803210978304, 231.8378546748953,
    605.7843689404107, 499.4574404055488]
  resolution: [1224, 1028]
  rostopic: /camera_0/image_raw
cam1:
  T_cn_cnm1:
  - [0.9999793906923019, 0.004736463725100269, 0.00433406299373471, -0.23721918604132894]
  - [-0.00476354199747171, 0.999969066729199, 0.0062589338048256345, 0.0014867396336627188]
  - [-0.004304283714066094, -0.006279450303623332, 0.9999710204028881, 0.0027034069760298483]
  - [0.0, 0.0, 0.0, 1.0]
  cam_overlaps: [0, 2]
  camera_model: ds
  distortion_coeffs: []
  distortion_model: none
  intrinsics: [-0.1941766968293663, 0.5928195270706966, 235.41654646681127, 235.11060511390858,
    606.522070476967, 507.8643835519875]
  resolution: [1224, 1028]
  rostopic: /camera_1/image_raw